0 0.096875 0.1390625 0.096875 0.1703125
1 0.20234375 0.1375 0.090625 0.1734375
2 0.3 0.13671875 0.0734375 0.159375
3 0.40390625 0.13359375 0.075 0.165625
4 0.5078125 0.140625 0.0765625 0.1625
5 0.61484375 0.14375 0.075 0.1625
6 0.71484375 0.1390625 0.075 0.165625
7 0.81796875 0.1390625 0.0828125 0.1765625
8 0.91953125 0.13515625 0.08125 0.1734375
9 0.09375 0.48125 0.0828125 0.1625
10 0.20078125 0.48125 0.084375 0.15625
11 0.30390625 0.4828125 0.08125 0.1703125
12 0.403125 0.4828125 0.0765625 0.165625
13 0.50703125 0.48125 0.075 0.15625
14 0.61171875 0.47890625 0.075 0.15625
15 0.7140625 0.48046875 0.0765625 0.165625
16 0.81875 0.4828125 0.0765625 0.1765625
17 0.9203125 0.4859375 0.071875 0.165625
18 0.14296875 0.8109375 0.0765625 0.16875
19 0.2453125 0.809375 0.078125 0.165625
20 0.34921875 0.8125 0.0734375 0.1765625
21 0.4484375 0.80859375 0.0765625 0.1734375
22 0.5578125 0.809375 0.078125 0.1703125
23 0.6578125 0.8125 0.0765625 0.165625
24 0.76171875 0.809375 0.075 0.165625
25 0.87265625 0.8125 0.0703125 0.165625