0 0.284375 0.16015625 0.0875 0.1546875
1 0.4421875 0.1640625 0.084375 0.1609375
2 0.596875 0.1640625 0.09375 0.1484375
3 0.7484375 0.15625 0.09375 0.159375
4 0.9015625 0.1546875 0.0875 0.159375
10 0.2953125 0.4734375 0.075 0.1484375
11 0.440625 0.46796875 0.1015625 0.1609375
12 0.5953125 0.46796875 0.0828125 0.159375
13 0.7515625 0.4640625 0.0796875 0.153125
14 0.903125 0.465625 0.1046875 0.15625
20 0.2984375 0.7765625 0.0796875 0.153125
21 0.44375 0.78046875 0.078125 0.1484375
23 0.6 0.77890625 0.090625 0.1453125
24 0.7484375 0.77265625 0.0765625 0.1390625
25 0.8984375 0.77109375 0.0796875 0.1484375